<?xml version="1.0"?>
<opencv_storage>
<calibration_time>"Tue Apr 28 13:22:13 2015"</calibration_time>
<image_width>640</image_width>
<image_height>480</image_height>
<board_width>5</board_width>
<board_height>4</board_height>
<square_size>5.0799999237060547e+01</square_size>
<flags>0</flags>
<camera_matrix type_id="opencv-matrix">
  <rows>3</rows>
  <cols>3</cols>
  <dt>d</dt>
  <data>
    6.6957999849901603e+02 0. 3.2389514828375195e+02 0.
    6.6955006760550975e+02 2.5101676360824214e+02 0. 0. 1.</data></camera_matrix>
<distortion_coefficients type_id="opencv-matrix">
  <rows>5</rows>
  <cols>1</cols>
  <dt>d</dt>
  <data>
    1.8818634000220333e-01 -1.0917000391319984e+00
    -1.8705212797694975e-03 5.7463443350940771e-03
    1.6530501093979573e+00</data></distortion_coefficients>
<avg_reprojection_error>2.9244521616273583e-01</avg_reprojection_error>
</opencv_storage>
